x = [0,611 1,39 2,2 3,13 4,16 5,36];
x = x*1e11